0.000000
0.011111
0.022222
0.033333
0.044444
0.055556
0.066667
0.077778
0.088889
0.100000
0.111111
0.122222
0.133333
0.144444
0.155556
0.166667
0.177778
0.188889
0.200000
0.211111
0.222222
0.233333
0.244444
0.255556
0.266667
0.277778
0.288889
0.300000
0.311111
0.322222
0.333333
0.344444
0.355556
0.366667
0.377778
0.388889
0.400000
0.411111
0.422222
0.433333
0.444444
0.455556
0.466667
0.477778
0.488889
0.500000
0.511111
0.522222
0.533333
0.544444
0.555556
0.566667
0.577778
0.588889
0.600000
0.611111
0.622222
0.633333
0.644444
0.655556
0.666667
0.677778
0.688889
0.700000
0.711111
0.722222
0.733333
0.744444
0.755556
0.766667
0.777778
0.788889
0.800000
0.811111
0.822222
0.833333
0.844444
0.855556
0.866667
0.877778
0.888889
0.900000
0.911111
0.922222
0.933333
0.944444
0.955556
0.966667
0.977778
0.988889
1.000000
1.011111
1.022222
1.033333
1.044444
1.055556
1.066667
1.077778
1.088889
1.100000
1.111111
1.122222
1.133333
1.144444
1.155556
1.166667
1.177778
1.188889
1.200000
1.211111
1.222222
1.233333
1.244444
1.255556
1.266667
1.277778
1.288889
1.300000
1.311111
1.322222
1.333333
1.344444
1.355556
1.366667
1.377778
1.388889
1.400000
1.411111
1.422222
1.433333
1.444444
1.455556
1.466667
1.477778
1.488889
1.500000
1.511111
1.522222
1.533333
1.544444
1.555556
1.566667
1.577778
1.588889
1.600000
1.611111
1.622222
1.633333
1.644444
1.655556
1.666667
1.677778
1.688889
1.700000
1.711111
1.722222
1.733333
1.744444
1.755556
1.766667
1.777778
1.788889
1.800000
1.811111
1.822222
1.833333
1.844444
1.855556
1.866667
1.877778
1.888889
1.900000
1.911111
1.922222
1.933333
1.944444
1.955556
1.966667
1.977778
1.988889
2.000000
2.011111
2.022222
2.033333
2.044444
2.055556
2.066667
2.077778
2.088889
2.100000
2.111111
2.122222
2.133333
2.144444
2.155556
2.166667
2.177778
2.188889
2.200000
2.211111
2.222222
2.233333
2.244444
2.255556
2.266667
2.277778
2.288889
2.300000
2.311111
2.322222
2.333333
2.344444
2.355556
2.366667
2.377778
2.388889
2.400000
2.411111
2.422222
2.433333
2.444444
2.455556
2.466667
2.477778
2.488889
2.500000
2.511111
2.522222
2.533333
2.544444
2.555556
2.566667
2.577778
2.588889
2.600000
2.611111
2.622222
2.633333
2.644444
2.655556
2.666667
2.677778
2.688889
2.700000
2.711111
2.722222
2.733333
2.744444
2.755556
2.766667
2.777778
2.788889
2.800000
2.811111
2.822222
2.833333
2.844444
2.855556
2.866667
2.877778
2.888889
2.900000
2.911111
2.922222
2.933333
2.944444
2.955556
2.966667
2.977778
2.988889
3.000000
3.011111
3.022222
3.033333
3.044444
3.055556
3.066667
3.077778
3.088889
3.100000
3.111111
3.122222
3.133333
3.144444
3.155556
3.166667
3.177778
3.188889
3.200000
3.211111
3.222222
3.233333
3.244444
3.255556
3.266667
3.277778
3.288889
3.300000
3.311111
3.322222
3.333333
3.344444
3.355556
3.366667
3.377778
3.388889
3.400000
3.411111
3.422222
3.433333
3.444444
3.455556
3.466667
3.477778
3.488889
3.500000
3.511111
3.522222
3.533333
3.544444
3.555556
3.566667
3.577778
3.588889
3.600000
3.611111
3.622222
3.633333
3.644444
3.655556
3.666667
3.677778
3.688889
3.700000
3.711111
3.722222
3.733333
3.744444
3.755556
3.766667
3.777778
3.788889
3.800000
3.811111
3.822222
3.833333
3.844444
3.855556
3.866667
3.877778
3.888889
3.900000
3.911111
3.922222
3.933333
3.944444
3.955556
3.966667
3.977778
3.988889
4.000000
4.011111
4.022222
4.033333
4.044444
4.055556
4.066667
4.077778
4.088889
4.100000
4.111111
4.122222
4.133333
4.144444
4.155556
4.166667
4.177778
4.188889
4.200000
4.211111
4.222222
4.233333
4.244444
4.255556
4.266667
4.277778
4.288889
4.300000
4.311111
4.322222
4.333333
4.344444
4.355556
4.366667
4.377778
4.388889
4.400000
4.411111
4.422222
4.433333
4.444444
4.455556
4.466667
4.477778
4.488889
4.500000
4.511111
4.522222
4.533333
4.544444
4.555556
4.566667
4.577778
4.588889
4.600000
4.611111
4.622222
4.633333
4.644444
4.655556
4.666667
4.677778
4.688889
4.700000
4.711111
4.722222
4.733333
4.744444
4.755556
4.766667
4.777778
4.788889
4.800000
4.811111
4.822222
4.833333
4.844444
4.855556
4.866667
4.877778
4.888889
4.900000
4.911111
4.922222
4.933333
4.944444
4.955556
4.966667
4.977778
4.988889
5.000000
5.011111
5.022222
5.033333
5.044444
5.055556
5.066667
5.077778
5.088889
5.100000
5.111111
5.122222
5.133333
5.144444
5.155556
5.166667
5.177778
5.188889
5.200000
5.211111
5.222222
5.233333
5.244444
5.255556
5.266667
5.277778
5.288889
5.300000
5.311111
5.322222
5.333333
5.344444
5.355556
5.366667
5.377778
5.388889
5.400000
5.411111
5.422222
5.433333
5.444444
5.455556
5.466667
5.477778
5.488889
5.500000
5.511111
5.522222
5.533333
5.544444
5.555556
5.566667
5.577778
5.588889
5.600000
5.611111
5.622222
5.633333
5.644444
5.655556
5.666667
5.677778
5.688889
5.700000
5.711111
5.722222
5.733333
5.744444
5.755556
5.766667
5.777778
5.788889
5.800000
5.811111
5.822222
5.833333
5.844444
5.855556
5.866667
5.877778
5.888889
5.900000
5.911111
5.922222
5.933333
5.944444
5.955556
5.966667
5.977778
5.988889
6.000000
6.011111
6.022222
6.033333
6.044444
6.055556
6.066667
6.077778
6.088889
6.100000
6.111111
6.122222
6.133333
6.144444
6.155556
6.166667
6.177778
6.188889
6.200000
6.211111
6.222222
6.233333
6.244444
6.255556
6.266667
6.277778
6.288889
6.300000
6.311111
6.322222
6.333333
6.344444
6.355556
6.366667
6.377778
6.388889
6.400000
6.411111
6.422222
6.433333
6.444444
6.455556
6.466667
6.477778
6.488889
6.500000
6.511111
6.522222
6.533333
6.544444
6.555556
6.566667
6.577778
6.588889
6.600000
6.611111
6.622222
6.633333
6.644444
6.655556
6.666667
6.677778
6.688889
6.700000
6.711111
6.722222
6.733333
6.744444
6.755556
6.766667
6.777778
6.788889
6.800000
6.811111
6.822222
6.833333
6.844444
6.855556
6.866667
6.877778
6.888889
6.900000
6.911111
6.922222
6.933333
6.944444
6.955556
6.966667
6.977778
6.988889
7.000000
7.011111
7.022222
7.033333
7.044444
7.055556
7.066667
7.077778
7.088889
7.100000
7.111111
7.122222
7.133333
7.144444
7.155556
7.166667
7.177778
7.188889
7.200000
7.211111
7.222222
7.233333
7.244444
7.255556
7.266667
7.277778
7.288889
7.300000
7.311111
7.322222
7.333333
7.344444
7.355556
7.366667
7.377778
7.388889
7.400000
7.411111
7.422222
7.433333
7.444444
7.455556
7.466667
7.477778
7.488889
7.500000
7.511111
7.522222
7.533333
7.544444
7.555556
7.566667
7.577778
7.588889
7.600000
7.611111
7.622222
7.633333
7.644444
7.655556
7.666667
7.677778
7.688889
7.700000
7.711111
7.722222
7.733333
7.744444
7.755556
7.766667
7.777778
7.788889
7.800000
7.811111
7.822222
7.833333
7.844444
7.855556
7.866667
7.877778
7.888889
7.900000
7.911111
7.922222
7.933333
7.944444
7.955556
7.966667
7.977778
7.988889
8.000000
8.011111
8.022222
8.033333
8.044444
8.055556
8.066667
8.077778
8.088889
8.100000
8.111111
8.122222
8.133333
8.144444
8.155556
8.166667
8.177778
8.188889
8.200000
8.211111
8.222222
8.233333
8.244444
8.255556
8.266667
8.277778
8.288889
8.300000
8.311111
8.322222
8.333333
8.344444
8.355556
8.366667
8.377778
8.388889
8.400000
8.411111
8.422222
8.433333
8.444444
8.455556
8.466667
8.477778
8.488889
8.500000
8.511111
8.522222
8.533333
8.544444
8.555556
8.566667
8.577778
8.588889
8.600000
8.611111
8.622222
8.633333
8.644444
8.655556
8.666667
8.677778
8.688889
8.700000
8.711111
8.722222
8.733333
8.744444
8.755556
8.766667
8.777778
8.788889
8.800000
8.811111
8.822222
8.833333
8.844444
8.855556
8.866667
8.877778
8.888889
8.900000
8.911111
8.922222
8.933333
8.944444
8.955556
8.966667
8.977778
8.988889
9.000000
9.011111
9.022222
9.033333
9.044444
9.055556
9.066667
9.077778
9.088889
9.100000
9.111111
9.122222
9.133333
9.144444
9.155556
9.166667
9.177778
9.188889
9.200000
9.211111
9.222222
9.233333
9.244444
9.255556
9.266667
9.277778
9.288889
9.300000
9.311111
9.322222
9.333333
9.344444
9.355556
9.366667
9.377778
9.388889
9.400000
9.411111
9.422222
9.433333
9.444444
9.455556
9.466667
9.477778
9.488889
9.500000
9.511111
9.522222
9.533333
9.544444
9.555556
9.566667
9.577778
9.588889
9.600000
9.611111
9.622222
9.633333
9.644444
9.655556
9.666667
9.677778
9.688889
9.700000
9.711111
9.722222
9.733333
9.744444
9.755556
9.766667
9.777778
9.788889
9.800000
9.811111
9.822222
9.833333
9.844444
9.855556
9.866667
9.877778
9.888889
9.900000
9.911111
9.922222
9.933333
9.944444
9.955556
9.966667
9.977778
9.988889
10.000000
10.011111
10.022222
10.033333
10.044444
10.055556
10.066667
10.077778
10.088889
10.100000
10.111111
10.122222
10.133333
10.144444
10.155556
10.166667
10.177778
10.188889
10.200000
10.211111
10.222222
10.233333
10.244444
10.255556
10.266667
10.277778
10.288889
10.300000
10.311111
10.322222
10.333333
10.344444
10.355556
10.366667
10.377778
10.388889
10.400000
10.411111
10.422222
10.433333
10.444444
10.455556
10.466667
10.477778
10.488889
10.500000
10.511111
10.522222
10.533333
10.544444
10.555556
10.566667
10.577778
10.588889
10.600000
10.611111
10.622222
10.633333
10.644444
10.655556
10.666667
10.677778
10.688889
10.700000
10.711111
10.722222
10.733333
10.744444
10.755556
10.766667
10.777778
10.788889
10.800000
10.811111
10.822222
10.833333
10.844444
10.855556
10.866667
10.877778
10.888889
10.900000
10.911111
10.922222
10.933333
10.944444
10.955556
10.966667
10.977778
10.988889
11.000000
11.011111
11.022222
11.033333
11.044444
11.055556
11.066667
11.077778
11.088889
11.100000
11.111111
11.122222
11.133333
11.144444
11.155556
11.166667
11.177778
11.188889
11.200000
11.211111
11.222222
11.233333
11.244444
11.255556
11.266667
11.277778
11.288889
11.300000
11.311111
11.322222
11.333333
11.344444
11.355556
11.366667
11.377778
11.388889
11.400000
11.411111
11.422222
11.433333
11.444444
11.455556
11.466667
11.477778
11.488889
11.500000
11.511111
11.522222
11.533333
11.544444
11.555556
11.566667
11.577778
11.588889
11.600000
11.611111
11.622222
11.633333
11.644444
11.655556
11.666667
11.677778
11.688889
11.700000
11.711111
11.722222
11.733333
11.744444
11.755556
11.766667
11.777778
11.788889
11.800000
11.811111
11.822222
11.833333
11.844444
11.855556
11.866667
11.877778
11.888889
11.900000
11.911111
11.922222
11.933333
11.944444
11.955556
11.966667
11.977778
11.988889
12.000000
12.011111
12.022222
12.033333
12.044444
12.055556
12.066667
12.077778
12.088889
12.100000
12.111111
12.122222
12.133333
12.144444
12.155556
12.166667
12.177778
12.188889
12.200000
12.211111
12.222222
12.233333
12.244444
12.255556
12.266667
12.277778
12.288889
12.300000
12.311111
12.322222
12.333333
12.344444
12.355556
12.366667
12.377778
12.388889
12.400000
12.411111
12.422222
12.433333
12.444444
12.455556
12.466667
12.477778
12.488889
12.500000
12.511111
12.522222
12.533333
12.544444
12.555556
12.566667
12.577778
12.588889
12.600000
12.611111
12.622222
12.633333
12.644444
12.655556
12.666667
12.677778
12.688889
12.700000
12.711111
12.722222
12.733333
12.744444
12.755556
12.766667
12.777778
12.788889
12.800000
12.811111
12.822222
12.833333
12.844444
12.855556
12.866667
12.877778
12.888889
12.900000
12.911111
12.922222
12.933333
12.944444
12.955556
12.966667
12.977778
12.988889
13.000000
13.011111
13.022222
13.033333
13.044444
13.055556
13.066667
13.077778
13.088889
13.100000
13.111111
13.122222
13.133333
13.144444
13.155556
13.166667
13.177778
13.188889
13.200000
13.211111
13.222222
13.233333
13.244444
13.255556
13.266667
13.277778
13.288889
13.300000
13.311111
13.322222
13.333333
13.344444
13.355556
13.366667
13.377778
13.388889
13.400000
13.411111
13.422222
13.433333
13.444444
13.455556
13.466667
13.477778
13.488889
13.500000
13.511111
13.522222
13.533333
13.544444
13.555556
13.566667
13.577778
13.588889
13.600000
13.611111
13.622222
13.633333
13.644444
13.655556
13.666667
13.677778
13.688889
13.700000
13.711111
13.722222
13.733333
13.744444
13.755556
13.766667
13.777778
13.788889
13.800000
13.811111
13.822222
13.833333
13.844444
13.855556
13.866667
13.877778
13.888889
13.900000
13.911111
13.922222
13.933333
13.944444
13.955556
13.966667
13.977778
13.988889
14.000000
14.011111
14.022222
14.033333
14.044444
14.055556
14.066667
14.077778
14.088889
14.100000
14.111111
14.122222
14.133333
14.144444
14.155556
14.166667
14.177778
14.188889
14.200000
14.211111
14.222222
14.233333
14.244444
14.255556
14.266667
14.277778
14.288889
14.300000
14.311111
14.322222
14.333333
14.344444
14.355556
14.366667
14.377778
14.388889
14.400000
14.411111
14.422222
14.433333
14.444444
14.455556
14.466667
14.477778
14.488889
14.500000
14.511111
14.522222
14.533333
14.544444
14.555556
14.566667
14.577778
14.588889
14.600000
14.611111
14.622222
14.633333
14.644444
14.655556
14.666667
14.677778
14.688889
14.700000
14.711111
14.722222
14.733333
14.744444
14.755556
14.766667
14.777778
14.788889
14.800000
14.811111
14.822222
14.833333
14.844444
14.855556
14.866667
14.877778
14.888889
14.900000
14.911111
14.922222
14.933333
14.944444
14.955556
14.966667
14.977778
14.988889
15.000000
15.011111
15.022222
15.033333
15.044444
15.055556
15.066667
15.077778
15.088889
15.100000
15.111111
15.122222
15.133333
15.144444
15.155556
15.166667
15.177778
15.188889
15.200000
15.211111
15.222222
15.233333
15.244444
15.255556
15.266667
15.277778
15.288889
15.300000
15.311111
15.322222
15.333333
15.344444
15.355556
15.366667
15.377778
15.388889
15.400000
15.411111
15.422222
15.433333
15.444444
15.455556
15.466667
15.477778
15.488889
15.500000
15.511111
15.522222
15.533333
15.544444
15.555556
15.566667
15.577778
15.588889
15.600000
15.611111
15.622222
15.633333
15.644444
15.655556
15.666667
15.677778
15.688889
15.700000
15.711111
15.722222
15.733333
15.744444
15.755556
15.766667
15.777778
15.788889
15.800000
15.811111
15.822222
15.833333
15.844444
15.855556
15.866667
15.877778
15.888889
15.900000
15.911111
15.922222
15.933333
15.944444
15.955556
15.966667
15.977778
15.988889
16.000000
16.011111
16.022222
16.033333
16.044444
16.055556
16.066667
16.077778
16.088889
16.100000
16.111111
16.122222
16.133333
16.144444
16.155556
16.166667
16.177778
16.188889
16.200000
16.211111
16.222222
16.233333
16.244444
16.255556
16.266667
16.277778
16.288889
16.300000
16.311111
16.322222
16.333333
16.344444
16.355556
16.366667
16.377778
16.388889
16.400000
16.411111
16.422222
16.433333
16.444444
16.455556
16.466667
16.477778
16.488889
16.500000
16.511111
16.522222
16.533333
16.544444
16.555556
16.566667
16.577778
16.588889
16.600000
16.611111
16.622222
16.633333
16.644444
16.655556
16.666667
16.677778
16.688889
16.700000
16.711111
16.722222
16.733333
16.744444
16.755556
16.766667
16.777778
16.788889
16.800000
16.811111
16.822222
16.833333
16.844444
16.855556
16.866667
16.877778
16.888889
16.900000
16.911111
16.922222
16.933333
16.944444
16.955556
16.966667
16.977778
16.988889
17.000000
17.011111
17.022222
17.033333
17.044444
17.055556
17.066667
17.077778
17.088889
17.100000
17.111111
17.122222
17.133333
17.144444
17.155556
17.166667
17.177778
17.188889
17.200000
17.211111
17.222222
17.233333
17.244444
17.255556
17.266667
17.277778
17.288889
17.300000
17.311111
17.322222
17.333333
17.344444
17.355556
17.366667
17.377778
17.388889
17.400000
17.411111
17.422222
17.433333
17.444444
17.455556
17.466667
17.477778
17.488889
17.500000
17.511111
17.522222
17.533333
17.544444
17.555556
17.566667
17.577778
17.588889
17.600000
17.611111
17.622222
17.633333
17.644444
17.655556
17.666667
17.677778
17.688889
17.700000
17.711111
17.722222
17.733333
17.744444
17.755556
17.766667
17.777778
17.788889
17.800000
17.811111
17.822222
17.833333
17.844444
17.855556
17.866667
17.877778
17.888889
17.900000
17.911111
17.922222
17.933333
17.944444
17.955556
17.966667
17.977778
17.988889
18.000000
18.011111
18.022222
18.033333
18.044444
18.055556
18.066667
18.077778
18.088889
18.100000
18.111111
18.122222
18.133333
18.144444
18.155556
18.166667
18.177778
18.188889
18.200000
18.211111
18.222222
18.233333
18.244444
18.255556
18.266667
18.277778
18.288889
18.300000
18.311111
18.322222
18.333333
18.344444
18.355556
18.366667
18.377778
18.388889
18.400000
18.411111
18.422222
18.433333
18.444444
18.455556
18.466667
18.477778
18.488889
18.500000
18.511111
18.522222
18.533333
18.544444
18.555556
18.566667
18.577778
18.588889
18.600000
18.611111
18.622222
18.633333
18.644444
18.655556
18.666667
18.677778
18.688889
18.700000
18.711111
18.722222
18.733333
18.744444
18.755556
18.766667
18.777778
18.788889
18.800000
18.811111
18.822222
18.833333
18.844444
18.855556
18.866667
18.877778
18.888889
18.900000
18.911111
18.922222
18.933333
18.944444
18.955556
18.966667
18.977778
18.988889
19.000000
19.011111
19.022222
19.033333
19.044444
19.055556
19.066667
19.077778
19.088889
19.100000
19.111111
19.122222
19.133333
19.144444
19.155556
19.166667
19.177778
19.188889
19.200000
19.211111
19.222222
19.233333
19.244444
19.255556
19.266667
19.277778
19.288889
19.300000
19.311111
19.322222
19.333333
19.344444
19.355556
19.366667
19.377778
19.388889
19.400000
19.411111
19.422222
19.433333
19.444444
19.455556
19.466667
19.477778
19.488889
19.500000
19.511111
19.522222
19.533333
19.544444
19.555556
19.566667
19.577778
19.588889
19.600000
19.611111
19.622222
19.633333
19.644444
19.655556
19.666667
19.677778
19.688889
19.700000
19.711111
19.722222
19.733333
19.744444
19.755556
19.766667
19.777778
19.788889
19.800000
19.811111
19.822222
19.833333
19.844444
19.855556
19.866667
19.877778
19.888889
19.900000
19.911111
19.922222
19.933333
19.944444
19.955556
19.966667
19.977778
19.988889
20.000000
20.011111
20.022222
20.033333
20.044444
20.055556
20.066667
20.077778
20.088889
20.100000
20.111111
20.122222
20.133333
20.144444
20.155556
20.166667
20.177778
20.188889
20.200000
20.211111
20.222222
20.233333
20.244444
20.255556
20.266667
20.277778
20.288889
20.300000
20.311111
20.322222
20.333333
20.344444
20.355556
20.366667
20.377778
20.388889
20.400000
20.411111
20.422222
20.433333
20.444444
20.455556
20.466667
20.477778
20.488889
20.500000
20.511111
20.522222
20.533333
20.544444
20.555556
20.566667
20.577778
20.588889
20.600000
20.611111
20.622222
20.633333
20.644444
20.655556
20.666667
20.677778
20.688889
20.700000
20.711111
20.722222
20.733333
20.744444
20.755556
20.766667
20.777778
20.788889
20.800000
20.811111
20.822222
20.833333
20.844444
20.855556
20.866667
20.877778
20.888889
20.900000
20.911111
20.922222
20.933333
20.944444
20.955556
20.966667
20.977778
20.988889
21.000000
21.011111
21.022222
21.033333
21.044444
21.055556
21.066667
21.077778
21.088889
21.100000
21.111111
21.122222
21.133333
21.144444
21.155556
21.166667
21.177778
21.188889
21.200000
21.211111
21.222222
21.233333
21.244444
21.255556
21.266667
21.277778
21.288889
21.300000
21.311111
21.322222
21.333333
21.344444
21.355556
21.366667
21.377778
21.388889
21.400000
21.411111
21.422222
21.433333
21.444444
21.455556
21.466667
21.477778
21.488889
21.500000
21.511111
21.522222
21.533333
21.544444
21.555556
21.566667
21.577778
21.588889
21.600000
21.611111
21.622222
21.633333
21.644444
21.655556
21.666667
21.677778
21.688889
21.700000
21.711111
21.722222
21.733333
21.744444
21.755556
21.766667
21.777778
21.788889
21.800000
21.811111
21.822222
21.833333
21.844444
21.855556
21.866667
21.877778
21.888889
21.900000
21.911111
21.922222
21.933333
21.944444
21.955556
21.966667
21.977778
21.988889
22.000000
22.011111
22.022222
22.033333
22.044444
22.055556
22.066667
22.077778
22.088889
22.100000
22.111111
22.122222
22.133333
22.144444
22.155556
22.166667
22.177778
22.188889
22.200000
22.211111
22.222222
22.233333
22.244444
22.255556
22.266667
22.277778
22.288889
22.300000
22.311111
22.322222
22.333333
22.344444
22.355556
22.366667
22.377778
22.388889
22.400000
22.411111
22.422222
22.433333
22.444444
22.455556
22.466667
22.477778
22.488889
22.500000
22.511111
22.522222
22.533333
22.544444
22.555556
22.566667
22.577778
22.588889
22.600000
22.611111
22.622222
22.633333
22.644444
22.655556
22.666667
22.677778
22.688889
22.700000
22.711111
22.722222
22.733333
22.744444
22.755556
22.766667
22.777778
22.788889
22.800000
22.811111
22.822222
22.833333
22.844444
22.855556
22.866667
22.877778
22.888889
22.900000
22.911111
22.922222
22.933333
22.944444
22.955556
22.966667
22.977778
22.988889
23.000000
23.011111
23.022222
23.033333
23.044444
23.055556
23.066667
23.077778
23.088889
23.100000
23.111111
23.122222
23.133333
23.144444
23.155556
23.166667
23.177778
23.188889
23.200000
23.211111
23.222222
23.233333
23.244444
23.255556
23.266667
23.277778
23.288889
23.300000
23.311111
23.322222
23.333333
23.344444
23.355556
23.366667
23.377778
23.388889
23.400000
23.411111
23.422222
23.433333
23.444444
23.455556
23.466667
23.477778
23.488889
23.500000
23.511111
23.522222
23.533333
23.544444
23.555556
23.566667
23.577778
23.588889
23.600000
23.611111
23.622222
23.633333
23.644444
23.655556
23.666667
23.677778
23.688889
23.700000
23.711111
23.722222
23.733333
23.744444
23.755556
23.766667
23.777778
23.788889
23.800000
23.811111
23.822222
23.833333
23.844444
23.855556
23.866667
23.877778
23.888889
23.900000
23.911111
23.922222
23.933333
23.944444
23.955556
23.966667
23.977778
23.988889
24.000000
24.011111
24.022222
24.033333
24.044444
24.055556
24.066667
24.077778
24.088889
24.100000
24.111111
24.122222
24.133333
24.144444
24.155556
24.166667
24.177778
24.188889
24.200000
24.211111
24.222222
24.233333
24.244444
24.255556
24.266667
24.277778
24.288889
24.300000
24.311111
24.322222
24.333333
24.344444
24.355556
24.366667
24.377778
24.388889
24.400000
24.411111
24.422222
24.433333
24.444444
24.455556
24.466667
24.477778
24.488889
24.500000
24.511111
24.522222
24.533333
24.544444
24.555556
24.566667
24.577778
24.588889
24.600000
24.611111
24.622222
24.633333
24.644444
24.655556
24.666667
24.677778
24.688889
24.700000
24.711111
24.722222
24.733333
24.744444
24.755556
24.766667
24.777778
24.788889
24.800000
24.811111
24.822222
24.833333
24.844444
24.855556
24.866667
24.877778
24.888889
24.900000
24.911111
24.922222
24.933333
24.944444
24.955556
24.966667
24.977778
24.988889
25.000000
25.011111
25.022222
25.033333
25.044444
25.055556
25.066667
25.077778
25.088889
25.100000
25.111111
25.122222
25.133333
25.144444
25.155556
25.166667
25.177778
25.188889
25.200000
25.211111
25.222222
25.233333
25.244444
25.255556
25.266667
25.277778
25.288889
25.300000
25.311111
25.322222
25.333333
25.344444
25.355556
25.366667
25.377778
25.388889
25.400000
25.411111
25.422222
25.433333
25.444444
25.455556
25.466667
25.477778
25.488889
25.500000
25.511111
25.522222
25.533333
25.544444
25.555556
25.566667
25.577778
25.588889
25.600000
25.611111
25.622222
25.633333
25.644444
25.655556
25.666667
25.677778
25.688889
25.700000
25.711111
25.722222
25.733333
25.744444
25.755556
25.766667
25.777778
25.788889
25.800000
25.811111
25.822222
25.833333
25.844444
25.855556
25.866667
25.877778
25.888889
25.900000
25.911111
25.922222
25.933333
25.944444
25.955556
25.966667
25.977778
25.988889
26.000000
26.011111
26.022222
26.033333
26.044444
26.055556
26.066667
26.077778
26.088889
26.100000
26.111111
26.122222
26.133333
26.144444
26.155556
26.166667
26.177778
26.188889
26.200000
26.211111
26.222222
26.233333
26.244444
26.255556
26.266667
26.277778
26.288889
26.300000
26.311111
26.322222
26.333333
26.344444
26.355556
26.366667
26.377778
26.388889
26.400000
26.411111
26.422222
26.433333
26.444444
26.455556
26.466667
26.477778
26.488889
26.500000
26.511111
26.522222
26.533333
26.544444
26.555556
26.566667
26.577778
26.588889
26.600000
26.611111
26.622222
26.633333
26.644444
26.655556
26.666667
26.677778
26.688889
26.700000
26.711111
26.722222
26.733333
26.744444
26.755556
26.766667
26.777778
26.788889
26.800000
26.811111
26.822222
26.833333
26.844444
26.855556
26.866667
26.877778
26.888889
26.900000
26.911111
26.922222
26.933333
26.944444
26.955556
26.966667
26.977778
26.988889
27.000000
27.011111
27.022222
27.033333
27.044444
27.055556
27.066667
27.077778
27.088889
27.100000
27.111111
27.122222
27.133333
27.144444
27.155556
27.166667
27.177778
27.188889
27.200000
27.211111
27.222222
27.233333
27.244444
27.255556
27.266667
27.277778
27.288889
27.300000
27.311111
27.322222
27.333333
27.344444
27.355556
27.366667
27.377778
27.388889
27.400000
27.411111
27.422222
27.433333
27.444444
27.455556
27.466667
27.477778
27.488889
27.500000
27.511111
27.522222
27.533333
27.544444
27.555556
27.566667
27.577778
27.588889
27.600000
27.611111
27.622222
27.633333
27.644444
27.655556
27.666667
27.677778
27.688889
27.700000
27.711111
27.722222
27.733333
27.744444
27.755556
27.766667
27.777778
27.788889
27.800000
27.811111
27.822222
27.833333
27.844444
27.855556
27.866667
27.877778
27.888889
27.900000
27.911111
27.922222
27.933333
27.944444
27.955556
27.966667
27.977778
27.988889
28.000000
28.011111
28.022222
28.033333
28.044444
28.055556
28.066667
28.077778
28.088889
28.100000
28.111111
28.122222
28.133333
28.144444
28.155556
28.166667
28.177778
28.188889
28.200000
28.211111
28.222222
28.233333
28.244444
28.255556
28.266667
28.277778
28.288889
28.300000
28.311111
28.322222
28.333333
28.344444
28.355556
28.366667
28.377778
28.388889
28.400000
28.411111
28.422222
28.433333
28.444444
28.455556
28.466667
28.477778
28.488889
28.500000
28.511111
28.522222
28.533333
28.544444
28.555556
28.566667
28.577778
28.588889
28.600000
28.611111
28.622222
28.633333
28.644444
28.655556
28.666667
28.677778
28.688889
28.700000
28.711111
28.722222
28.733333
28.744444
28.755556
28.766667
28.777778
28.788889
28.800000
28.811111
28.822222
28.833333
28.844444
28.855556
28.866667
28.877778
28.888889
28.900000
28.911111
28.922222
28.933333
28.944444
28.955556
28.966667
28.977778
28.988889
29.000000
29.011111
29.022222
29.033333
29.044444
29.055556
29.066667
29.077778
29.088889
29.100000
29.111111
29.122222
29.133333
29.144444
29.155556
29.166667
29.177778
29.188889
29.200000
29.211111
29.222222
29.233333
29.244444
29.255556
29.266667
29.277778
29.288889
29.300000
29.311111
29.322222
29.333333
29.344444
29.355556
29.366667
29.377778
29.388889
29.400000
29.411111
29.422222
29.433333
29.444444
29.455556
29.466667
29.477778
29.488889
29.500000
29.511111
29.522222
29.533333
29.544444
29.555556
29.566667
29.577778
29.588889
29.600000
29.611111
29.622222
29.633333
29.644444
29.655556
29.666667
29.677778
29.688889
29.700000
29.711111
29.722222
29.733333
29.744444
29.755556
29.766667
29.777778
29.788889
29.800000
29.811111
29.822222
29.833333
29.844444
29.855556
29.866667
29.877778
29.888889
29.900000
29.911111
29.922222
29.933333
29.944444
29.955556
29.966667
29.977778
29.988889
30.000000
30.011111
30.022222
30.033333
30.044444
30.055556
30.066667
30.077778
30.088889
30.100000
30.111111
30.122222
30.133333
30.144444
30.155556
30.166667
30.177778
30.188889
30.200000
30.211111
30.222222
30.233333
30.244444
30.255556
30.266667
30.277778
30.288889
30.300000
30.311111
30.322222
30.333333
30.344444
30.355556
30.366667
30.377778
30.388889
30.400000
30.411111
30.422222
30.433333
30.444444
30.455556
30.466667
30.477778
30.488889
30.500000
30.511111
30.522222
30.533333
30.544444
30.555556
30.566667
30.577778
30.588889
30.600000
30.611111
30.622222
30.633333
30.644444
30.655556
30.666667
30.677778
30.688889
30.700000
30.711111
30.722222
30.733333
30.744444
30.755556
30.766667
30.777778
30.788889
30.800000
30.811111
30.822222
30.833333
30.844444
30.855556
30.866667
30.877778
30.888889
30.900000
30.911111
30.922222
30.933333
30.944444
30.955556
30.966667
30.977778
30.988889
31.000000
31.011111
31.022222
31.033333
31.044444
31.055556
31.066667
31.077778
31.088889
31.100000
31.111111
31.122222
31.133333
31.144444
31.155556
31.166667
31.177778
31.188889
31.200000
31.211111
31.222222
31.233333
31.244444
31.255556
31.266667
31.277778
31.288889
31.300000
31.311111
31.322222
31.333333
31.344444
31.355556
31.366667
31.377778
31.388889
31.400000
31.411111
31.422222
31.433333
31.444444
31.455556
31.466667
31.477778
31.488889
31.500000
31.511111
31.522222
31.533333
31.544444
31.555556
31.566667
31.577778
31.588889
31.600000
31.611111
31.622222
31.633333
31.644444
31.655556
31.666667
31.677778
31.688889
31.700000
31.711111
31.722222
31.733333
31.744444
31.755556
31.766667
31.777778
31.788889
31.800000
31.811111
31.822222
31.833333
31.844444
31.855556
31.866667
31.877778
31.888889
31.900000
31.911111
31.922222
31.933333
31.944444
31.955556
31.966667
31.977778
31.988889
32.000000
32.011111
32.022222
32.033333
32.044444
32.055556
32.066667
32.077778
32.088889
32.100000
32.111111
32.122222
32.133333
32.144444
32.155556
32.166667
32.177778
32.188889
32.200000
32.211111
32.222222
32.233333
32.244444
32.255556
32.266667
32.277778
32.288889
32.300000
32.311111
32.322222
32.333333
32.344444
32.355556
32.366667
32.377778
32.388889
32.400000
32.411111
32.422222
32.433333
32.444444
32.455556
32.466667
32.477778
32.488889
32.500000
32.511111
32.522222
32.533333
32.544444
32.555556
32.566667
32.577778
32.588889
32.600000
32.611111
32.622222
32.633333
32.644444
32.655556
32.666667
32.677778
32.688889
32.700000
32.711111
32.722222
32.733333
32.744444
32.755556
32.766667
32.777778
32.788889
32.800000
32.811111
32.822222
32.833333
32.844444
32.855556
32.866667
32.877778
32.888889
32.900000
32.911111
32.922222
32.933333
32.944444
32.955556
32.966667
32.977778
32.988889
33.000000
33.011111
33.022222
33.033333
33.044444
33.055556
33.066667
33.077778
33.088889
33.100000
33.111111
33.122222
33.133333
33.144444
33.155556
33.166667
33.177778
33.188889
33.200000
33.211111
33.222222
33.233333
33.244444
33.255556
33.266667
33.277778
33.288889
33.300000
33.311111
33.322222
33.333333
33.344444
33.355556
33.366667
33.377778
33.388889
33.400000
33.411111
33.422222
33.433333
33.444444
33.455556
33.466667
33.477778
33.488889
33.500000
33.511111
33.522222
33.533333
33.544444
33.555556
33.566667
33.577778
33.588889
33.600000
33.611111
33.622222
33.633333
33.644444
33.655556
33.666667
33.677778
33.688889
33.700000
33.711111
33.722222
33.733333
33.744444
33.755556
33.766667
33.777778
33.788889
33.800000
33.811111
33.822222
33.833333
33.844444
33.855556
33.866667
33.877778
33.888889
33.900000
33.911111
33.922222
33.933333
33.944444
33.955556
33.966667
33.977778
33.988889
34.000000
34.011111
34.022222
34.033333
34.044444
34.055556
34.066667
34.077778
34.088889
34.100000
34.111111
34.122222
34.133333
34.144444
34.155556
34.166667
34.177778
34.188889
34.200000
34.211111
34.222222
34.233333
34.244444
34.255556
34.266667
34.277778
34.288889
34.300000
34.311111
34.322222
34.333333
34.344444
34.355556
34.366667
34.377778
34.388889
34.400000
34.411111
34.422222
34.433333
34.444444
34.455556
34.466667
34.477778
34.488889
34.500000
34.511111
34.522222
34.533333
34.544444
34.555556
34.566667
34.577778
34.588889
34.600000
34.611111
34.622222
34.633333
34.644444
34.655556
34.666667
34.677778
34.688889
34.700000
34.711111
34.722222
34.733333
34.744444
34.755556
34.766667
34.777778
34.788889
34.800000
34.811111
34.822222
34.833333
34.844444
34.855556
34.866667
34.877778
34.888889
34.900000
34.911111
34.922222
34.933333
34.944444
34.955556
34.966667
34.977778
34.988889
35.000000
35.011111
35.022222
35.033333
35.044444
35.055556
35.066667
35.077778
35.088889
35.100000
35.111111
35.122222
35.133333
35.144444
35.155556
35.166667
35.177778
35.188889
35.200000
35.211111
35.222222
35.233333
35.244444
35.255556
35.266667
35.277778
35.288889
35.300000
35.311111
35.322222
35.333333
35.344444
35.355556
35.366667
35.377778
35.388889
35.400000
35.411111
35.422222
35.433333
35.444444
35.455556
35.466667
35.477778
35.488889
35.500000
35.511111
35.522222
35.533333
35.544444
35.555556
35.566667
35.577778
35.588889
35.600000
35.611111
35.622222
35.633333
35.644444
35.655556
35.666667
35.677778
35.688889
35.700000
35.711111
35.722222
35.733333
35.744444
35.755556
35.766667
35.777778
35.788889
35.800000
35.811111
35.822222
35.833333
35.844444
35.855556
35.866667
35.877778
35.888889
35.900000
35.911111
35.922222
35.933333
35.944444
35.955556
35.966667
35.977778
35.988889
36.000000
36.011111
36.022222
36.033333
36.044444
36.055556
36.066667
36.077778
36.088889
36.100000
36.111111
36.122222
36.133333
36.144444
36.155556
36.166667
36.177778
36.188889
36.200000
36.211111
36.222222
36.233333
36.244444
36.255556
36.266667
36.277778
36.288889
36.300000
36.311111
36.322222
36.333333
36.344444
36.355556
36.366667
36.377778
36.388889
36.400000
36.411111
36.422222
36.433333
36.444444
36.455556
36.466667
36.477778
36.488889
36.500000
36.511111
36.522222
36.533333
36.544444
36.555556
36.566667
36.577778
36.588889
36.600000
36.611111
36.622222
36.633333
36.644444
36.655556
36.666667
36.677778
36.688889
36.700000
36.711111
36.722222
36.733333
36.744444
36.755556
36.766667
36.777778
36.788889
36.800000
36.811111
36.822222
36.833333
36.844444
36.855556
36.866667
36.877778
36.888889
36.900000
36.911111
36.922222
36.933333
36.944444
36.955556
36.966667
36.977778
36.988889
37.000000
37.011111
37.022222
37.033333
37.044444
37.055556
37.066667
37.077778
37.088889
37.100000
37.111111
37.122222
37.133333
37.144444
37.155556
37.166667
37.177778
37.188889
37.200000
37.211111
37.222222
37.233333
37.244444
37.255556
37.266667
37.277778
37.288889
37.300000
37.311111
37.322222
37.333333
37.344444
37.355556
37.366667
37.377778
37.388889
37.400000
37.411111
37.422222
37.433333
37.444444
37.455556
37.466667
37.477778
37.488889
37.500000
37.511111
37.522222
37.533333
37.544444
37.555556
37.566667
37.577778
37.588889
37.600000
37.611111
37.622222
37.633333
37.644444
37.655556
37.666667
37.677778
37.688889
37.700000
37.711111
37.722222
37.733333
37.744444
37.755556
37.766667
37.777778
37.788889
37.800000
37.811111
37.822222
37.833333
37.844444
37.855556
37.866667
37.877778
37.888889
37.900000
37.911111
37.922222
37.933333
37.944444
37.955556
37.966667
37.977778
37.988889
38.000000
38.011111
38.022222
38.033333
38.044444
38.055556
38.066667
38.077778
38.088889
38.100000
38.111111
38.122222
38.133333
38.144444
38.155556
38.166667
38.177778
38.188889
38.200000
38.211111
38.222222
38.233333
38.244444
38.255556
38.266667
38.277778
38.288889
38.300000
38.311111
38.322222
38.333333
38.344444
38.355556
38.366667
38.377778
38.388889
38.400000
38.411111
38.422222
38.433333
38.444444
38.455556
38.466667
38.477778
38.488889
38.500000
38.511111
38.522222
38.533333
38.544444
38.555556
38.566667
38.577778
38.588889
38.600000
38.611111
38.622222
38.633333
38.644444
38.655556
38.666667
38.677778
38.688889
38.700000
38.711111
38.722222
38.733333
38.744444
38.755556
38.766667
38.777778
38.788889
38.800000
38.811111
38.822222
38.833333
38.844444
38.855556
38.866667
38.877778
38.888889
38.900000
38.911111
38.922222
38.933333
38.944444
38.955556
38.966667
38.977778
38.988889
39.000000
39.011111
39.022222
39.033333
39.044444
39.055556
39.066667
39.077778
39.088889
39.100000
39.111111
39.122222
39.133333
39.144444
39.155556
39.166667
39.177778
39.188889
39.200000
39.211111
39.222222
39.233333
39.244444
39.255556
39.266667
39.277778
39.288889
39.300000
39.311111
39.322222
39.333333
39.344444
39.355556
39.366667
39.377778
39.388889
39.400000
39.411111
39.422222
39.433333
39.444444
39.455556
39.466667
39.477778
39.488889
39.500000
39.511111
39.522222
39.533333
39.544444
39.555556
39.566667
39.577778
39.588889
39.600000
39.611111
39.622222
39.633333
39.644444
39.655556
39.666667
39.677778
39.688889
39.700000
39.711111
39.722222
39.733333
39.744444
39.755556
39.766667
39.777778
39.788889
39.800000
39.811111
39.822222
39.833333
39.844444
39.855556
39.866667
39.877778
39.888889
39.900000
39.911111
39.922222
39.933333
39.944444
39.955556
39.966667
39.977778
39.988889
